ID_GDO_Well_Name	X	Y	Z_asl	Vertical_Well_Length_ne_MD
69203	-703912.3	-962322.6	243.09	44
69205	-703636.6	-962552.6	266.7	222
69206	-703719.5	-963260	277.8	277
69207	-703832.2	-963050.2	280.99	24
69208	-703848.4	-963192	282.27	24
69209	-704006.6	-963273.5	297.9	25
69213	-703965.1	-963161	289	28
69214	-703998	-963134.5	288.76	27
69215	-703528.5	-962526.9	264.34	30
69216	-703814.1	-963239.7	284.11	20
69217	-703896.2	-963158.5	288.17	26
69218	-703836.2	-963303.9	291.6	22
69225	-701850	-962670	245	8
69226	-701880	-962675	245	12
69227	-701910	-962685	245	12
69228	-701885	-962695	245	10
69229	-701910	-962700	245	12
69230	-701905	-962730	245	12
69231	-701870	-962725	245	12
69232	-701694.9	-961939.5	263.6	10
69233	-701705.7	-961628.6	265.4	50
69234	-701954.9	-961418.7	259.6	12
69235	-702088.7	-961241.2	257.9	15
69236	-702210.1	-961036.1	254	51
69237	-702303.4	-960797.5	248.8	15
69238	-702400	-960566.6	242	22
69239	-701243.2	-962276.2	274.9	18
69240	-700893.8	-962160.6	292.5	26
69241	-700712.7	-962108.6	298.5	20
69242	-700950.1	-961920.9	285.8	27
69243	-700297.2	-962115.1	308	20
69244	-701011.1	-961876.5	284.4	25
69245	-700869.1	-962406.7	295.6	26
69246	-700765.2	-963470.5	282.6	50
69247	-700669.3	-963576.2	284.3	40
69248	-700610.8	-963673.7	282.9	36
69249	-700360.2	-963590.3	316.3	28
69250	-700557.2	-963564.5	296.8	24
69251	-700603.4	-963333.2	294	53
69252	-700735.1	-963297	280.3	42
69253	-700834.5	-963295.2	270.8	46
69258	-697499.8	-964840	331.2	11
69263	-698695.2	-964616.7	333.3	25
69264	-698657.8	-964247.7	330.8	17
69265	-698569.2	-964713.1	337.3	26
69266	-698236.4	-964541.1	346.3	26
69267	-698738.7	-964874.4	314.3	13
69268	-698239.8	-962524	318.3	25
69269	-698179.4	-962330.8	318.4	25
69270	-698345.8	-962298.2	320	25
69271	-698064.8	-962226.2	316.8	18
69272	-697677.4	-962098.3	326.1	20
69273	-697741.1	-962351.4	319.8	15
69274	-700545.2	-962753.1	312.7	18
69275	-699208.5	-963108	324.5	10
69276	-698511.2	-962570.6	313.1	8
69277	-699952	-962118.8	306.5	12
69278	-701083.3	-961175.9	275.2	12
69279	-701650.6	-961241.4	261	8
69280	-701876.9	-960896.1	250.8	11
69281	-702432.8	-960611	243.9	9
69282	-703064.8	-962278.1	242.1	6
69283	-703342.1	-962895.4	260.8	10
69284	-698210	-963576.7	314.8	8
69285	-698161.2	-964142	338.3	12
69286	-697820.6	-963766.2	321.8	18
69287	-697571.5	-964117.5	310.8	16
69288	-697641.3	-964249.7	323.7	22
69289	-697985.9	-963996.2	330.2	16
69290	-697595.9	-964715.3	335.5	15
69291	-697593.6	-963367.2	314.8	22
69292	-697508.7	-963177.6	328.9	14
69293	-697707.5	-963137	316.5	26
69294	-697988.9	-963294.2	306.5	18
69295	-697707.5	-963002.8	316.4	24
69297	-699126.65	-966446.2	267.45	11
69299	-698260	-963770	321.4	45
69300	-702446.21	-962880.82	244.1	11
69301	-702641.54	-962289.64	243.47	15
69302	-697997.8	-961651.3	311.17	73
69303	-698397	-961126	285.34	30
69304	-697325.9	-961057.7	307.2	40
69305	-697793	-962428	304.71	20
69306	-698228.6	-963172.6	288.5	10
69307	-698567.7	-964667	320	12
69308	-698450.1	-964993.8	320	7
69309	-698402.4	-964919.3	323.5	5
69310	-698357	-964862.5	328.2	9
69311	-698617.6	-964505.2	319.2	12
69312	-698800.5	-964774	318.6	6
69317	-699585.4	-964557.1	284.4	23
69318	-692334	-964508.3	288.9	28
69319	-699001.3	-964717.5	307.2	31
69320	-699182.7	-964796.1	290.7	32
69322	-701070	-962960	268.8	9
69331	-701480	-962420	269.5	3
69332	-701475	-962460	296.4	3
69344	-701832.4	-962633.6	247.3	8
69345	-701849.1	-962637.9	247.5	8
69346	-701848.5	-962616.4	248.5	8
69347	-701835.5	-962612.1	249.5	8
69348	-701746.6	-962662.5	256.6	7
69349	-701748.3	-962653.2	256.7	7
69350	-701743.4	-962652	256.7	7
69351	-702562.3	-962015.9	241.3	40
69352	-702522.44	-962291.07	242.35	36
69353	-702751.02	-962290.27	243.41	36
69354	-702797	-961918.6	231	30
69355	-702958.8	-961595.3	237.81	45
69356	-702839.1	-961671.25	239.97	36
69357	-702832.6	-961710.4	233.83	36
69358	-702926.4	-961717.7	240.3	17
69389	-702163.3	-962658.4	245.6	374
69395	-700949.49	-962382.28	291.18	11
69396	-700876.19	-962267.22	294.88	10
69397	-700875.96	-962130.63	292.72	11
69398	-700962.7	-962116.43	288.6	12
69399	-701050.34	-962094.05	283.71	12
69400	-701169.24	-962053.79	279.7	12
69401	-701284.52	-962054.23	277.07	10
69402	-700747.73	-962385.03	302.94	6
69403	-700743.69	-962275.36	301.96	6
69404	-701066.57	-961995.67	281.59	10
69405	-700999.05	-962233.68	288.1	5
69406	-701038.5	-962248	280.3	10
69407	-701044	-962174.2	278.5	10
69408	-701123.9	-962122.4	281.9	14
69409	-701041	-964073	263.3	5
69412	-700956	-964062	259.3	4
69414	-701023	-964032	262.5	5
69417	-700970	-964040	260.8	5
69419	-701032	-963984	261.3	6
69421	-700990	-963977	260.6	5
69423	-700958	-963960	259.7	4
69424	-700990	-963937	259.2	3
69425	-701018	-963911	260.7	5
69427	-700951	-963903	257.6	4
69429	-700906	-963970	259.8	4
69431	-700851	-964006	259.2	4
69433	-700949	-963998	260.1	2
69435	-697387.1	-963147.6	335.5	8
69436	-697527.6	-963282.1	323.8	14
69437	-697425.1	-963292.7	331.2	6
69438	-697428.7	-963358.8	328	4
69439	-697387.8	-963371.7	329.5	7
69440	-697296.9	-963378.5	325.3	16
69441	-697449.2	-963214.7	332.8	13
69442	-697458.1	-963619.6	308.1	20
69443	-697364.6	-963246.7	335.1	10
69444	-697284.1	-963268.3	335.3	12
69445	-699675	-964587	279.8	5
69446	-699646	-964598	281.3	2
69447	-699615	-964607	278.5	4
69448	-699611	-964587	280.1	4
69449	-699643	-964571	280.9	4
69450	-699676	-964568	279.8	4
69451	-699642	-964546	281.6	3
69452	-699699	-964578	279.7	4
69462	-698008.9	-961929.8	297.71	50
69463	-698380.9	-961561	292.2	25
69464	-697803.8	-962427.4	304.47	35
69465	-697882.8	-962518.9	305.67	20
69466	-698157.5	-962451.2	274.9	15
69467	-698492.1	-962549.9	313.28	60
69468	-698427.1	-962281.9	321.87	60
69469	-698432.6	-962777.9	306.61	75
69511	-702807	-962339	244	14
69512	-702820	-962316	243.5	12
69513	-702832	-962324	243.6	12
69514	-702782	-962570	244.2	12
69515	-702813	-962578	244.1	12
69516	-702858	-962598	244.6	10
69517	-702869	-962605	244.8	10
69518	-702863	-962614	244.9	10
69519	-702844	-962605	244.7	10
69520	-702855	-962630	244.6	10
69521	-702831	-962616	244.5	12
69522	-702816	-962600	244.3	12
69523	-702820	-962635	244.2	10
69524	-702852	-962523	244.3	10
69525	-702817	-962518	244.3	10
69526	-702655	-962575	244.6	10
69527	-702983	-962457	244.1	12
69528	-702948	-962518	244.2	10
69529	-702833	-962582	244.3	12
69530	-702828	-962594	244.5	12
69536	-697460	-964180	310	16
69537	-701497	-961895	268.2	15
69538	-701490	-961890	268.2	20
69540	-701485	-961885	268.3	15
69543	-701490	-961837	268.9	6
69547	-701442	-962642	265.6	11
69548	-701423	-962652	268	11
69549	-701436	-962670	265.5	10
69550	-701421	-962715	265.5	15
69551	-701409	-962738	265.6	10
69552	-701410	-962753	266.8	15
69553	-701398	-962757	267	17
69554	-701387	-962766	266.7	13
69555	-701377	-962768	266.9	15
69556	-701380	-962780	267.3	10
69557	-701350	-962810	266.6	16
69558	-701341	-962823	266.5	10
69559	-701324	-962827	267.1	15
69560	-701318	-962846	267.1	16
69561	-701339	-962842	266.1	15
69562	-701344	-962860	265.3	10
69563	-701350	-962874	264.6	15
69564	-701364	-962857	264.2	14
69565	-701396	-962847	263.9	15
69566	-701393	-962862	262.4	10
69567	-701416	-962863	262.3	16
69568	-701387	-962799	266.9	10
69569	-701403	-962818	264.5	10
69570	-701396	-962829	264.6	10
69571	-701317	-962430	273.9	7
69572	-701296	-962429	274.5	8
69573	-701324	-962455	272.6	9
69574	-701306	-962477	272.8	6
69575	-701297	-962467	273.6	15
69576	-701298	-962463	273.5	15
69577	-701295	-962460	274	13
69578	-701492	-962699	262.5	6
69579	-701496	-962718	261	6
69580	-700142.6	-962219.4	319.3	284
69581	-700017.7	-963026.7	314.8	195
69582	-699511.4	-963099.4	314.5	192
69583	-700782.9	-961616.7	291.8	324
69584	-702663.9	-961670.9	245	20
69585	-702703.4	-961546	243.8	28
69586	-702723.2	-960677.8	237.4	40
69587	-702649.8	-960543.8	236.9	33
69588	-702532.2	-960520.9	239.2	42
69589	-702052.9	-962198.1	254.5	236
69590	-698661.5	-960648.4	288.8	148
69591	-696780.6	-961851.8	321.8	27
69592	-699413.8	-963354.1	312.4	86
69593	-698884.7	-961701.5	307.1	190
69594	-698254.4	-961280.7	288.1	158
69595	-698242.1	-962449.5	292	148
69596	-699033.1	-962682.9	323.4	147
69597	-700758.2	-963445.6	284.3	40
69598	-699921.1	-963431.3	302.7	90
69599	-700123.6	-963609.5	329.6	27
69600	-699949.2	-963698.2	313.5	12
69601	-700046.6	-961757.3	294.6	332
69602	-702224.2	-963432	254	7
69603	-701965.6	-963281.7	249.1	5
69604	-702069.4	-963239.7	248	5
69605	-702118	-963247.4	248.2	5
69606	-702312.6	-963261.1	248.1	5
69607	-702040	-963161	246.5	8
69608	-701953	-963047	246.91	4
69609	-701189	-962658	275.9	10
69610	-701207	-962655	275.1	8
69611	-701199	-962690	274.9	9
69612	-702855	-962336	243.3	10
69613	-702871	-962330	243.2	10
69614	-702848	-962319	243.3	10
69615	-702856	-962300	243.4	10
69616	-702878	-962313	243.8	10
69617	-702870	-962287	243.4	10
69618	-702895	-962317	243.5	10
69619	-702829	-962517	245.1	10
69620	-698156.6	-961843	307.4	225
69621	-699413.6	-960592.4	290.1	318
69622	-699881.7	-962531.7	322	316
69623	-702617.8	-961040.3	244.7	314
69624	-701312.5	-962333	271.9	417
69625	-702969.5	-962962.6	254.2	276
69626	-702755.3	-962031.7	241	328
69627	-698776.3	-961223.2	297.7	186
69628	-698938.5	-962161	314.4	234
69629	-697381	-960863.6	301.5	84
69630	-700298.1	-961020.4	264.7	270
69631	-700469.8	-961953.1	302	364
69632	-696573.8	-961085.7	316.8	195
69633	-701924.7	-961697.2	261.6	255
69634	-700607	-962965.8	298.6	253
69635	-701492.2	-963231	248.2	45
69636	-697533.9	-961894.8	341	244
69637	-698639.7	-963028.5	316.3	186
69638	-701099.8	-960851	253.9	294
69639	-702437.5	-960502.2	242.5	254
69640	-701826.7	-961195.5	258.8	290
69641	-701235.5	-961833.7	278.4	305
69642	-699533.1	-961119.9	279.9	283
69643	-700572.3	-962436.4	316.8	328
69644	-699771	-962035	299.9	235
69645	-700381.9	-961423.9	280.8	321
69646	-701387.5	-962867.1	262.5	353
69647	-702673.2	-961594.5	244.6	263
69648	-701196	-962642	275.5	4
69649	-701526	-962556	263.5	4
69650	-701681	-962562	257.9	5
69651	-701974	-962365	254	4
69652	-701895	-962538	254.9	4
69653	-701901	-962127	257.8	5
69654	-701841	-962400	257.6	5
69655	-701437	-963022	248.6	4
69656	-701591	-963061	247.4	4
69657	-701819	-962768	246.8	4
69658	-701622	-962729	251.6	4
69659	-701544	-962853	250.7	5
69660	-701641	-961782	265.9	4
69661	-701611	-961966	265.2	4
69662	-701577	-962051	267	4
69663	-701371	-961984	266.4	4
69664	-702084	-962070	253.9	4
69665	-702256	-962193	247.9	4
69666	-702405	-962314	243.5	4
69667	-702566	-962534	244.4	4
69668	-702689	-962239	242.1	9
69669	-702654	-962279	242.1	8
69670	-702618	-962316	242.3	6
69671	-702576	-962350	242.6	8
69672	-702536	-962385	242.9	8
69673	-702650	-962202	241.8	10
69674	-702615	-962237	242.1	7
69675	-702576	-962274	242.4	9
69676	-702540	-962310	242.8	8
69677	-702499	-962347	243	8
69678	-702615	-962165	241.8	9
69679	-702578	-962200	242.1	6
69680	-702540	-962235	242.5	8
69681	-702504	-962272	242.8	8
69682	-702466	-962308	242.9	9
69683	-702750	-962167	241.6	5
69684	-702941	-962162	241.8	5
69685	-703108	-962145	241.6	5
69686	-702434	-962461	243.6	5
69687	-702324	-962560	244.1	4
69688	-702217	-962625	244.5	4
69689	-702047	-962614	245.3	5
69690	-701930	-962600	245.8	6
69691	-702104	-962764	245.5	5
69692	-701895	-962887	245.8	6
69693	-701757	-963030	247	4
69694	-702222	-962707	245.6	7
69695	-702232	-962734	245.4	6
69696	-702230	-962851	246	5
69697	-702119	-962945	246.4	5
69698	-701971	-963043	246.9	5
69699	-701877	-963062	247	5
69700	-701722	-963145	247.8	5
69701	-701311	-963255	249.3	5
69702	-701324	-962573	270.8	6
69703	-703240.5	-962086.5	242.8	5
69704	-703230	-962116	242.7	8
69705	-703215.5	-962155.5	243	8
69706	-703244.7	-962102.6	243	8
69707	-703233.8	-962128.2	243.7	8
69708	-703229	-962141	243.9	8
69709	-703262	-962095	243.5	5
69710	-703246.8	-962120.5	243.8	6
69711	-703230.3	-962161	244.6	9
69712	-703226.2	-962081	241.8	6
69713	-701493	-962692	261.5	6
69714	-701452	-962735	263.4	7
69715	-701440	-962615	265.6	6
69716	-701353	-962631	269	7
69717	-701382	-962727	267	8
69718	-701267	-962747	270.6	6
69719	-701360	-962780	266.7	6
69720	-701421	-962675	265.7	6
69721	-701511	-962638	263.2	6
69722	-701361	-962862	263.8	7
69723	-701421	-962826	262.1	6
69724	-701227	-962835	271.4	6
69725	-701479	-962825	253.2	6
69726	-701372	-962712	267.5	13
69727	-701452	-962848	254.8	13
69728	-701363	-962710	267.2	2
69729	-701790	-962363	257.8	6
69730	-701768	-962357	258.2	2
69731	-701751	-962355	259.9	6
69732	-701765	-962347	259.3	4
69733	-701780	-962386	259	6
69734	-701765	-962394	259.2	5
69735	-701556.5	-961699	268.2	15
69736	-701560	-961705	269.3	15
69737	-701563	-961711	268.5	15
69738	-701552.5	-961701.5	269.4	7
69739	-701556	-961707	269.5	7
69740	-701559	-961713	269.9	7
69750	-700944.5	-963861.8	252.68	7
69751	-700953	-964090	258.1	5
69752	-700821.5	-964315	257.27	6
69753	-700862	-964317	256.5	6
69754	-700858.5	-964231	255.7	6
69755	-699849	-964587	277.6	6
69756	-699823	-964594	277.6	6
69757	-699798	-964694.5	276.7	6
69758	-699765	-964605	276.9	6
69759	-699772	-964625.5	273.7	6
69760	-699777	-964642	272	6
69761	-702145.2	-963405.2	252.4	10
69762	-702194.3	-963426.5	253.4	10
69763	-702141.2	-963427.3	254.3	10
69764	-702181.2	-963446.6	254.5	6
69765	-701772.12	-961687.6	264.42	338
69766	-701969.29	-960661	246.21	381
69767	-699880.23	-961169.25	269.31	333
69768	-700533.16	-962620.06	312.54	372
69785	-701751.9	-963414.1	252.7	7
69786	-701707.9	-963346.2	251.9	7
69787	-701697.3	-963304.6	252.3	7
69788	-701743.8	-963256.4	250.7	7
69789	-702042.8	-962923.5	245.7	7
69790	-702045.1	-962890	245.5	7
69795	-701071.3	-963225.5	251.9	7
69796	-701063	-963208	252.1	7
69797	-701083.7	-963207.7	251.8	7
69798	-701053	-963167.5	252.7	7
69799	-701058.7	-963190.5	252.3	6
69800	-701095.7	-963175.3	252.1	8
69801	-701124	-963079.2	252.8	9
69802	-701102.8	-963069.2	253.2	10
69803	-701030.4	-963119.9	253.1	6
69804	-701210	-964210	260	10
69805	-701360	-964260	263	6
69806	-701370	-964260	263	6
69807	-701370	-964255	263	6
69810	-701300.8	-962656.2	267.8	10
69811	-701308.6	-962648.2	267.4	10
69812	-701287.8	-962640.5	268	10
69813	-701292.1	-962686.5	267.8	10
69814	-701096	-963126	252	8
69815	-701078	-963140	252.3	8
69819	-698164.3	-961939.6	305.8	22
69820	-698489.2	-961991.8	314.3	20
69821	-698479.8	-962245.3	321.4	22
69822	-698751.1	-962301.6	316	20
69823	-698671.4	-962518.5	314.3	20
69824	-698970.9	-962695.9	323.4	6
69825	-698324.3	-962075.5	309.2	23
69826	-698552.1	-962390.7	318.5	22
69827	-698554.5	-962550.7	312.2	22
69828	-698747	-962654.2	315.8	19
69829	-698859.2	-962455.4	317.9	18
69830	-698656.3	-962150.8	316.3	21
69831	-698393.2	-961899.7	309.7	21
69832	-701743.4	-961746.5	264.8	12
69833	-701752.6	-961731	264.8	12
69842	-702716.2	-962415.2	243.97	10
69843	-702739.7	-962451.9	244.25	10
69844	-698675.6	-964826.8	318.02	19
69845	-698616.3	-964911.2	316.31	13
69846	-698655.5	-964668.5	313.33	14
69847	-702151.1	-963398.5	252.42	11
69848	-702174.9	-963281.5	249.96	11
69849	-702123.5	-963383.6	251.9	10
69850	-702067.6	-963345.5	250.3	11
69851	-702172.6	-963299.8	250.7	10
69852	-702123.1	-963288.5	250.1	10
69853	-702128.2	-963253.8	249	12
69854	-702035	-962086	255	71
69862	-701741.1	-963223.9	246.9	6
69863	-701661.1	-963253.3	248.4	6
69864	-701927.8	-963246	248.1	6
69865	-701810.8	-963172.2	248.2	6
69866	-701862.5	-963153.5	247.5	6
69867	-701883.9	-963258.4	249.4	3
69868	-701738.6	-963140.4	247.8	3
69869	-701664.9	-963058.4	247.3	3
69870	-701638	-962977.1	247.6	3
69871	-701740.9	-962976.3	246.7	3
69872	-701808.2	-962844	246.6	3
69873	-701869.9	-962657.6	247.4	3
69874	-701534.9	-962820.4	251.2	3
69875	-701676.3	-962823.6	247.8	3
69876	-701485.9	-963014.5	248.5	3
69877	-701304.2	-963077.9	248.1	3
69878	-701164.9	-963196.5	249.2	3
69879	-701091.6	-963298.7	249.7	3
69880	-701041.7	-963410.9	250.2	4
69881	-701084.6	-963434.8	250.6	6
69882	-702069.9	-963237	248.1	3
69883	-702260.8	-963287.1	250.3	3
69884	-700934.2	-963203.4	260.5	3
69885	-701124.9	-963507.2	250.2	3
69886	-701249.5	-963353.3	250	3
69887	-701415.5	-963186	248.4	3
69888	-701472.8	-963144.3	248.1	3
69889	-701540.1	-963171.1	247.5	3
69890	-701378.8	-961668.7	274.7	20
69891	-701390.1	-961713.7	274.1	10
69892	-701401.4	-961754.2	273.7	10
69893	-701412.6	-961798.4	273.5	10
69894	-701396.7	-961676.6	273.3	10
69895	-701406.4	-961707.8	273.6	10
69896	-701419.3	-961748.7	273	10
69897	-701430.2	-961786.8	273.1	8
69898	-701413	-961670.9	273	10
69899	-701427.9	-961701.7	272.9	10
69900	-701438.9	-961742.7	273	10
69901	-701450.8	-961784.6	272.6	10
69902	-701435.8	-961656.8	270.5	10
69903	-701449.3	-961697.8	270.4	10
69904	-701468	-961787.2	271.5	10
69905	-701464.4	-961623.5	270.2	10
69906	-701478	-961634.5	270.5	10
69907	-701493.1	-961590.2	270.7	15
69908	-701529.7	-961677.9	269.7	10
69909	-701537.3	-961618	269.3	10
69910	-701544.1	-961594.4	268.9	11
69911	-701550.6	-961645.5	269.3	10
69912	-701551.9	-961668.9	269.3	10
69913	-701558.3	-961691	269.3	12
69914	-701568.7	-961666	269.5	12
69915	-701574.6	-961700.6	269.1	10
69916	-701583.1	-961631.7	268.9	10
69917	-701593.6	-961648.6	269.1	10
69918	-701588.1	-961684.9	269	10
69919	-701592.8	-961732.5	297	17
69920	-701520.8	-962054.5	268.6	10
69921	-701530.4	-962062.8	268.4	10
69922	-701513.2	-961817	271.2	10
69923	-701526.7	-961791.6	271.4	15
69924	-702531.7	-962023.6	242.1	5
69925	-702567.9	-962066.7	241.9	5
69926	-702592.5	-962049.1	241.9	5
69927	-702609.9	-962073.6	241.8	4
69928	-702585.8	-962090.4	241.9	5
69929	-702516.6	-962105.7	242.4	5
69930	-702625.9	-962097.8	241.7	5
69931	-702643.2	-962086	241.7	5
69932	-702602.6	-962114.5	241.9	5
69933	-702552.6	-962155.3	242.4	5
69934	-702763.4	-962129.7	241.6	5
69935	-702675.7	-962142.6	241.7	5
69936	-702697.9	-962174.7	241.7	5
69937	-702586.3	-962239.6	242.27	12
69938	-702534.1	-962275.1	242.75	12
69939	-702483.3	-962309.9	243.05	12
69941	-698174.14	-961973.79	306.97	68
69942	-697946.84	-961993.74	321.05	80
69952	-701548.5	-962672	261.7	5
69953	-701558.5	-962680	259.9	4
69954	-701601.8	-962643.5	257.9	6
69955	-701591.5	-962668.4	260.1	7
69956	-701611.2	-962656.3	257.4	5
69957	-701607.5	-962672.5	257.2	6
69958	-701594.5	-962708.2	259	7
69959	-699898.1	-966011.5	271.3	4
69960	-699851.2	-965976.2	265	4
69961	-699841.7	-965964.6	261.9	4
69962	-699824.6	-965951.2	259.5	4
69963	-701522.7	-962686	261.8	6
69964	-701535.1	-962690.4	261	6
69965	-701522.1	-962704.7	260.9	6
69966	-701482.1	-962723.5	262.9	6
69967	-701477.4	-962732.5	262.9	6
69968	-701519.5	-962739.3	257.3	6
69969	-701456.1	-962717.4	264.3	6
69976	-702277	-963298	250.1	6
69977	-702274.5	-963301.5	250.1	7
69978	-701464.9	-962500.5	255	4
69979	-701455.3	-962520.3	255	4
69980	-703350	-961816	242.5	6
547981	-702810	-960928	239.51	20
547982	-702771	-960822	239.19	20
547983	-702682	-960660	237.26	20
547984	-702630	-960857	241.55	20
547985	-700181	-962654	327.72	5
547986	-700832	-962388	320.45	5
547987	-700568	-962206	306.08	5
547988	-700718	-961998	293.34	5
547989	-700866	-961778	290.86	5
547990	-700931	-961633	288.28	5
547991	-701065	-961429	280.52	5
547992	-701311	-961343	271.63	6
547993	-701659	-961276	260.84	8
547994	-701698	-961296	261.32	8
547995	-702064	-961053	255.47	5
547996	-701121	-961417	279.32	8
547997	-701103	-961394	279.06	8
560052	-698849	-964342	305	2
560053	-699192	-964158	294	2
560054	-699401	-963960	286	2
560055	-699419	-963808	274	2
560056	-699446	-963592	306	2
560057	-699588	-963552	280	2
560058	-699729	-963606	275	2
560059	-699361	-963551	295	6
567691	-700229	-962993	321.33	6
567697	-701647	-962230	261	6
567698	-701594	-962245	261.1	6
567699	-701605	-962231	261.1	2
567700	-701597	-962249	260.1	2
567701	-701616	-962244	260	2
573933	-699480	-963641	310	1
573934	-699547	-963499	290	3
573935	-699600	-963673	327.5	2
573936	-699697	-963568	277	5
573937	-699708	-963737	272	4
577485	-698818	-964385	310	8
605172	-702486.8	-960491.2	240.5	6
605173	-702496.8	-960506.2	240	3
605181	-701869	-962646	247.5	7
605182	-701880	-962628	247.3	7
605183	-701866	-962633	246.3	5
605184	-701871	-962636	245.6	4
605185	-701882	-962636	247.3	12
605495	-701676.2	-962839.5	248.1	8
605496	-701675.4	-962816.4	248	7
605497	-701673.4	-962791.3	248.3	7
605498	-701693.6	-962838.6	247.9	8
605499	-701693.7	-962814.4	247.9	8
605500	-701692.7	-962788.7	247.9	8
605501	-701715.4	-962813.8	247.8	8
605502	-701719	-962788.7	247.8	8
614958	-699570	-963521	280	7
616191	-698014.66	-961653.05	311	75
616340	-701754.5	-962910.2	247.2	6
621855	-696730	-964633	344.97	6
621856	-696805	-964593	343.32	7
621857	-697135	-964417	316.94	4
621858	-697367	-964273	305.26	5
621859	-697572	-964064	304.25	7
621860	-697965	-963625	301.71	3
621861	-698139	-963430	309.27	9
621862	-698282	-963272	285.62	6
621863	-698520	-963036	315.18	5
621864	-698921	-962862	319.9	6
621865	-699190	-962844	327.61	8
621866	-699638	-962822	316.45	6
626291	-698627.77	-961976.81	306.26	81
635999	-702106	-962487.5	244.31	6
636000	-702096	-962491	244.39	6
636001	-702088	-962480	245.3	5
642662	-700813.5	-962730.5	296.5	4
642663	-700836.5	-962749.5	295.6	4
642664	-700716	-962749.5	302.5	4
642665	-700748	-962759.5	299.2	4
643061	-701277	-961411.2	273.6	10
643062	-701360.5	-961478	271.3	8
643063	-701340.5	-961395	271.2	8
643064	-701297	-961493	273.7	10
647388	-701177.5	-962082.7	280.3	11
647389	-700855.17	-962177.78	292.05	12
647390	-701103.69	-962357.41	283.68	8
647702	-698200	-962200	274.16	35
675036	-696724.65	-964621.07	344.49	10
675037	-696863.45	-964564.87	340.41	9
675038	-696972.87	-964496.63	331.4	8
675039	-697144.46	-964429.43	315.6	10
675040	-697532.92	-964103.84	304.85	8
675041	-697626.02	-963999.14	316.6	9
675042	-697739.97	-963952.2	318.3	8
675043	-697905.24	-963690.88	302.82	6
675044	-698031.62	-963623.7	306.02	6
675045	-698056.47	-963501.81	298.05	6
675046	-698075.86	-963523	297.77	6
675047	-698166.39	-963403.27	306.42	7
675048	-698233.43	-963345.1	289.63	10
675049	-698284.98	-963267.83	286.43	6
675050	-698297.27	-963239.14	291.54	12
675051	-698347.76	-963192.25	298.13	10
675052	-698557.06	-962964.53	318.28	9
675053	-698611.97	-962909.96	319.88	9
675054	-698669	-962840.01	320.18	8
675055	-698761.3	-962733.88	316.38	10
675056	-698829.09	-962784.63	320.85	8
675057	-698970.13	-962616.34	322.21	4
675058	-699380.05	-962684.78	324.89	7
675059	-699471.66	-962708.29	324	7
675060	-699557.29	-962733.93	321.59	5
675061	-699663.43	-962765.4	317.95	8
675062	-699969.7	-962757.54	320.26	6
675065	-698280	-963268	286.2	10
676076	-701402.53	-962647.51	268.5	4
678886	-701268	-963540	251	30
688614	-698333.59	-962365.21	275	95
689101	-701763.82	-961752.4	264.94	8
689102	-701777.7	-961750.52	264.79	8
689103	-701767.97	-961735.6	265.07	8
692583	-702474	-962854	244.15	11
696993	-700127.5	-964806.5	261.8	6
696994	-700104	-964818	263.9	6
696995	-700098.5	-964801	263.3	6
696996	-700114	-964838	262.6	6
696997	-700113	-964795	262.3	6
696998	-700113	-964814.5	263.1	6
696999	-700127.5	-964827	261.6	5
697000	-700130.5	-964842	261.5	5
709091	-699095.65	-962433.11	318.97	20
709092	-699208.12	-962573.47	321.44	20
709093	-699060.76	-962637.54	322.53	20
709094	-698971.94	-962544.03	320.83	20
709095	-698778.32	-962537.57	317.13	20
725392	-698385.09	-964658.09	329.95	11
725393	-698591.11	-964877.29	318.43	18
725394	-698400.7	-964589.66	329.43	9
725395	-698562.6	-964910.5	316.74	15
725396	-698684.8	-964943.2	323.55	22
725397	-698747.3	-964547.4	322.01	22
725398	-698637.67	-964462.82	312.94	7
725399	-698584.58	-964565	314.46	8
725400	-698707.79	-964412.56	320.27	23
750375	-698678.34	-960615.6	287.81	71
750376	-697638.31	-961466.84	313.79	85
750378	-697990.3	-961350.97	311.57	101
69254	-696116.8	-966049	338.5	34
69255	-696275.5	-965974.9	325.1	30
69256	-695567.5	-965755.3	350.4	15
69257	-696853.9	-965320.2	336.5	43
69259	-696950.2	-965138	344.5	28
69260	-696923.4	-965022	341.5	48
69261	-696781	-965546.6	327.2	23
69296	-696137.89	-967145.41	277.62	11
69298	-696847.49	-964866.48	332.69	43
69314	-693875	-965010	345	5
69315	-694570	-965050	376	7
69316	-694220	-964950	372	15
69461	-696730	-965910	308	18
69470	-696876	-965942	304	6
69471	-696870	-965926	300.7	6
69472	-696863	-965909	303.8	10
69473	-696924	-965932	311.5	12
69474	-696920	-965893	302.84	4
69475	-696909	-965872	311	10
69476	-696969	-965884	314	11
69477	-696958	-965862	306.6	6
69478	-696946	-965840	314.5	10
69479	-698520	-966800	230	5
69480	-698540	-966800	230	5
69481	-698560	-966800	230	5
69482	-698540	-966820	230	4
69491	-696960	-965700	311.55	16
69492	-696700	-965800	302.14	7
69493	-696500	-967190	277.7	2
69494	-696440	-967160	277.5	10
69495	-695850	-967300	282.6	8
69496	-695820	-967360	285.1	12
69497	-696500	-967180	277.1	8
69498	-696530	-967180	277.7	16
69499	-696590	-967150	278.9	10
69500	-696630	-967170	287.2	8
69501	-696650	-967150	286	8
69505	-696360	-967180	277.7	2
69507	-696020	-967220	279.8	2
69508	-696240	-967190	278.1	2
69509	-696590	-967370	302.9	2
69510	-695440	-967400	311.7	2
69791	-695982.3	-966375.3	289.8	2
69792	-695859	-966366	285.6	2
69816	-696374	-966178	311.4	2
69817	-696423	-965989.5	323.4	3
69818	-696510	-966210.5	310.6	2
69834	-696991	-965542.2	328.9	25
69835	-697086.2	-965573.4	323.17	25
69836	-697062.4	-965728.4	324.2	25
69837	-696968.4	-965681.2	315.4	20
69838	-696997.3	-965663.2	317.4	20
69839	-696983.2	-965742.1	321	26
69840	-696935.4	-965654.7	324.8	30
69841	-697030.8	-965620.5	327	30
69970	-694759	-967696	285.4	4
69971	-694749	-967667.5	286.1	4
69972	-694739.5	-967648.5	288.6	2
69973	-694799.5	-967699.5	285.3	4
69974	-694758	-967574.2	314.1	6
69975	-694715.8	-967585	313.9	6
69981	-694530.5	-965605	342.06	6
69982	-694235	-965624	354.9	6
69983	-694166.5	-965672	363.75	7
70691	-694973	-968022	284.8	4
70692	-694990	-967947	284.6	7
70693	-695002	-967954	284.4	7
70694	-694962	-967927	285.3	8
70695	-695019	-967913	284.2	8
70696	-695000	-967908	284.4	8
70697	-694949	-967879	285.4	7
70698	-695025	-967803	283.5	6
70699	-694999	-967800	283.9	6
70700	-694967	-967798	283.8	6
70701	-694928	-968011	285.9	7
70863	-694943	-967906.2	292	5
70864	-694957	-967911	292	5
70865	-694967	-967918	292	5
70866	-694979	-967897	292	5
70869	-694729	-967753.5	285.2	4
70870	-694772	-967750.5	285.2	4
70871	-694722	-967789	285.6	4
70872	-694807	-967756	285	7
70873	-694863	-967721.5	284.3	5
567157	-694534	-967593	311.79	4
567158	-694972	-967491	317.12	4
567344	-693771.2	-965245	341.6	3
567837	-694770.6	-967802	285.4	6
567838	-694772	-967756	285.2	6
576785	-694801	-967586	312	6
576786	-694786	-967591	312	6
605323	-694743.2	-967779	285.5	3
605324	-694732.5	-967784.6	285.6	3
605325	-694726.6	-967803.4	285.5	3
605326	-694764.7	-967806	285.4	3
621846	-695435	-966154	304.01	4
621847	-695400	-966085	318.42	7
621848	-695278	-965823	346.85	7
621849	-695265	-965645	359.19	8
621850	-695319	-965445	367.25	7
621851	-695669	-965150	354.6	6
621852	-695992	-965006	364.01	9
621853	-696213	-964905	345.75	6
621854	-696583	-964711	346.42	3
621878	-695453	-966199	311.42	7
621907	-695830	-967103	284.74	5
621908	-695717	-966755	312.64	7
621909	-695674	-966639	315.31	7
621910	-695592	-966445	306.88	7
621911	-695547	-966361	314.79	7
634392	-697533	-966857	274.78	6
634393	-697524	-966867	274.94	7
634394	-697484	-966879	276.43	4
634395	-698301	-966540	278.38	4
634396	-698255	-966604	269.38	6
637260	-694528	-965611	342.6	9
645767	-694964.01	-967444.18	325.09	11
645768	-695159.3	-967413.48	320.58	6
675005	-695736.76	-967255.81	290.28	7
675006	-695831.29	-967207.45	284.81	13
675007	-695829.54	-967170.74	283.92	8
675008	-695819.68	-967056.62	286.27	6
675009	-695729.22	-966827.2	309.42	7
675010	-695681.62	-966691.38	316.13	8
675011	-695607.39	-966476.17	308.84	10
675012	-695602.62	-966442.03	306.48	12
675013	-695600.36	-966424.79	300.29	15
675014	-695551.53	-966360.68	314.32	11
675015	-695483.7	-966234.86	311.3	12
675016	-695472.41	-966209.77	310.87	10
675017	-695424.92	-966143.16	304.7	6
675018	-695382.48	-966060.01	321.48	6
675019	-695358.35	-966007.19	328.41	4
675020	-695279.03	-965790.28	349.95	6
675021	-695254.43	-965797.65	347.82	8
675022	-695213.72	-965831.17	343.18	8
675023	-695264.68	-965710.39	354.86	12
675024	-695275.5	-965633.91	360.48	9
675025	-695295.13	-965594.27	363.72	8
675026	-695276.65	-965590.18	362.39	8
675027	-695277.3	-965507.18	364.45	8
675028	-695303.93	-965493.89	365.83	8
675029	-695376.6	-965357.13	367.13	8
675030	-695442.83	-965291.77	367.56	12
675031	-695743.61	-965117.69	359.68	8
675032	-695724.96	-965080.36	360.59	6
675033	-695926	-965034.2	363.65	8
675034	-696067.67	-964968.59	358.87	7
675035	-696720.31	-964677.71	345.52	10
675064	-695290	-965498	365.4	9
678891	-694879	-967602	305	70
692582	-696835.06	-964876.7	333.52	44
708069	-697372	-965977	311	53
709149	-693687.83	-965112.75	346.76	5
713945	-693712.61	-965147.84	342	4
726934	-696876	-966823	290	10
69195	-707454	-965931	388.22	60
69502	-696820	-967160	306.6	6
69503	-697100	-967270	315.3	2.4
69504	-697280	-967380	321.6	0.9
69506	-696930	-967200	298.4	2.4
69741	-697472	-967264.7	300.8	6
69742	-697416	-967173	294.6	6
69743	-697388.7	-967105.5	299.7	9
69744	-697381.5	-967047	297.1	6
69745	-697428	-967047.5	292.2	6
69746	-697463.7	-967054	286.2	5
69747	-697413.7	-967107	295.5	7
69748	-697448.3	-967108.5	288.7	5
69749	-697468.8	-967111.3	292.2	6
69808	-702500	-964950	344.6	81
69809	-702293	-965025	336.8	80
70025	-704452	-968299	369.61	95.5
70087	-704483	-968247	372.6	53
70088	-704428	-968295	369.8	50
70400	-705671.7	-966743.7	382.7	1.5
70401	-705646.1	-966729.5	381.3	2.5
70555	-699803.9	-969638.6	641.5	74
70567	-702807	-968882	352	67.4
70595	-697730	-967585	340.7	7
70597	-698010	-967583	346.1	6
70598	-698328	-967548	350.3	15
70599	-698526	-967674	350.2	18
70603	-698659	-969803	331.2	10
70604	-699043	-969914	360.5	18
70605	-699360	-968365	407.7	15
70606	-697538	-967540	329.4	2
70609	-699225	-968179	388.1	3
70610	-699580	-968511	407.5	2.4
70611	-700084	-968560	405.8	0.9
70686	-694706	-968317	286.4	6
70687	-694790	-968276	285.7	5
70688	-694849	-968197	285.5	5
70689	-694884	-968116	285.3	5
70690	-694908	-968069	285.5	6
70861	-701003	-969480	436.64	142.3
70877	-702403	-969295	360	6
70878	-702432	-969266	360	6
70879	-702476	-969262	360	3
70880	-702569	-969296	360	3
565383	-701634	-966830	395	30.4
565536	-702697	-969085	353.17	120
565537	-702691	-969106	353.34	295.3
626675	-704587.79	-966570.36	491.34	521.2
626680	-701960.54	-968725	364.22	336.1
626684	-701012.39	-969537.5	442.69	185.8
626688	-700854.3	-969621.87	453.71	482
626689	-702664.43	-966935.97	458.87	333.1
626727	-703784.09	-968549.7	373.85	358.1
626728	-704644.25	-967295.52	410.79	580.1
626729	-704218.33	-967828.64	389.17	442.8
626754	-706338.32	-967692.76	426.58	676.1
626755	-705482.31	-968831.34	371.37	437.1
634007	-707395.16	-965985.53	402.25	505
718732	-702839	-964820	367	30
730519	-694678	-968157	289	72
730523	-702474	-964573	344	48
735868	-697369	-966948	293	30
737820	-700699.02	-968618.18	422.69	8.5
737821	-699678.53	-968538.93	408.37	13
JB_CZ_1	-698415.5	-963946.3	322.77	6
JB_CZ_2	-697726.61	-964367.14	326.7	14
JB_CZ_3	-697523.42	-964480.53	323.18	11.8
JB_CZ_4	-697457.78	-964328.04	317.46	20
JB_CZ_5	-697919.48	-964267.74	337.04	14
JB_CZ_6	-697820.21	-964120.58	325.62	16
JB_CZ_7	-697970	-963650	320.28	22
JB_CZ_8	-697667.73	-963957.66	318.66	19
JB_CZ_9	-698288.85	-964048.78	337.52	12
JB_CZ_10	-697764.07	-964610.32	339.71	13.3
JB_CZ_12	-698102.49	-963901.05	316.16	2.5
JB_CZ_13	-698111.33	-963898.18	317.8	2.5
JB_CZ_14	-698121	-963894.23	319.2	3.4
JB_CZ_15	-698142.55	-963885.6	321.33	2.8
JB_CZ_16	-698065.8	-963573.7	300.17	2.5
JB_CZ_17	-698057.34	-963577.36	298.5	2.8
JB_CZ_18	-698045.55	-963576.35	297.16	1.7
JB_CZ_19	-698036.25	-963575.46	299.07	2.4
JB_CZ_20	-697883.63	-963557.65	296.45	3.5
JB_CZ_21	-697615.29	-963802	304.22	3.6
JB_CZ_22	-697610.86	-963796.4	300.86	3.6
JB_CZ_23	-697554.17	-964021.46	304	3.6
JB_CZ_24	-697560.84	-964020.8	306.6	3.4
JB_CZ_25	-697571.63	-964021.3	308.5	3.2
JB_CZ_26	-698029.86	-963574.44	302.5	3.4
JB_CZ_27	-697813.9	-963754.6	320.85	15
JB_CZ_28	-698538.98	-964648.12	319.8	10
JB_CZ_29	-698444.72	-964714.37	319.84	5.6
JB_CZ_30	-698508.16	-964747.58	319.24	8
JB_CZ_31	-698525.89	-964813.25	319.01	12
JB_CZ_32	-698481.76	-964826.7	320.14	9.4
JB_CZ_33	-698405.25	-964628.58	328.78	6
JB_CZ_34	-698304.7	-964664.18	329.09	8
JB_CZ_35	-698383.32	-964708.23	335.21	6
JB_CZ_36	-698637.36	-964425.58	317.14	6
JB_CZ_37	-698673.35	-964603.13	316.65	17
JB_CZ_38	-698654.68	-964737.2	315.95	12
JB_CZ_39	-698762.36	-964705.9	316.85	16
JB_CZ_40	-698580.7	-964748.81	319.49	10
JB_CZ_41	-698789.77	-964732.75	320.7	16.8
JB_CZ_42	-698672.12	-964724.42	333.7	9
JB_CZ_43	-698721	-964846.4	325.1	15.7
JB_CZ_44	-698781.5	-964706.5	333.3	13.1
JB_CZ_11	-697846.4	-965238.38	295.42	4.5
JB_CZ_45	-697863.78	-962820.15	301.33	5
JB_CZ_46	-697522.33	-962954.23	320.21	4
JB_CZ_47	-697209.62	-963299.3	332.59	8.5
JB_CZ_48	-697653.3	-963505.52	304.99	20.5
JB_CZ_49	-697501.5	-963052.07	324.08	5.5
JB_CZ_50	-697345.54	-963317.19	332.9	9
JB_CZ_51	-697285.09	-963071.59	339.08	4
JB_CZ_52	-697412.18	-963472.09	316.02	23
JB_CZ_53	-697775.1	-963421.55	306.33	23.5
JB_CZ_54	-697799.69	-963491.2	297.93	9
JB_CZ_55	-697695.66	-963580.83	299.37	10.5
JB_CZ_56	-697552.24	-963695.36	301.58	14.5
JB_CZ_57	-697312.26	-963192.49	338.91	12.5
JB_CZ_58	-697842.67	-963929.98	306.94	15
JB_CZ_59	-697701.93	-962856.37	307.09	8
JB_CZ_60	-697835.13	-963260.35	311.2	15.8
JB_CZ_61	-701951.88	-961419.9	259.63	7.4
JB_CZ_62	-696017.19	-966117.84	328.42	12
JB_CZ_63	-695946.03	-965946.43	347.49	23
JB_CZ_64	-695897.96	-966027.41	335.33	12
JB_CZ_65	-695744.75	-965843.45	360.02	22
JB_CZ_66	-695641.82	-965917.51	348.5	26
JB_CZ_67	-695417.21	-965705.86	363.4	10
JB_CZ_68	-696134.97	-966136.96	322.86	23
JB_CZ_69	-695663.69	-965796.93	360.16	24
JB_CZ_70	-695821.21	-965880.87	353.66	20
JB_CZ_71	-696038.35	-965889.01	334.9	20
JB_CZ_72	-695853.31	-965709.54	351.08	20
JB_CZ_73	-695650.78	-965625.11	365.55	5
JB_CZ_74	-697372.54	-965285.99	335.75	12
JB_CZ_75	-697499.84	-964839.97	331.16	11
JB_CZ_76	-697224.1	-965376.24	323.73	22
JB_CZ_77	-697287.27	-965143.52	336.66	14
JB_CZ_78	-697076.12	-965215.37	345.45	29
JB_CZ_79	-697959.9	-965455.7	332.82	27
JB_CZ_80	-697085.68	-965517.2	320.67	36
JB_CZ_81	-696973.08	-963666.36	314.7	21
JB_CZ_82	-696725.33	-965778.7	309.62	16
JB_CZ_83	-696185.14	-966126.44	339.2	15.1
JB_CZ_84	-696049.36	-966059.67	337.7	9.5
JB_CZ_85	-696251.29	-966059.71	330.1	14
JB_CZ_86	-696322.15	-966033.8	328.7	11.7
JB_CZ_87	-696256.61	-965965.91	324.6	9.7
JB_CZ_88	-696467.5	-965984.55	311.1	7
JB_CZ_89	-696479.61	-966038.04	319.6	9.3
JB_CZ_90	-696966.45	-965647.96	325.4	10.7
JB_CZ_91	-695755.75	-965772	318.8	9.2
JB_CZ_92	-702022.5	-961333.5	259.74	8.4
JB_CZ_93	-702120.34	-961233.58	257.81	10
JB_CZ_94	-702148.1	-961146.43	256.1	11
JB_CZ_95	-702211.06	-961040.62	253.96	7
JB_CZ_96	-701961.51	-961195.9	259	7
JB_CZ_97	-700698.6	-962121.76	300	11
JB_CZ_98	-700699.7	-962120.95	299.95	10.5
JB_CZ_99	-701272	-962260.3	273.9	13
JB_CZ_100	-701273.78	-962098.86	277.44	6
JB_CZ_101	-701043.42	-962120.5	284.48	12.8
JB_CZ_102	-700943	-962150.02	290.37	11.6
JB_CZ_103	-700996.73	-962365.42	288.83	8.1
JB_CZ_104	-700884.53	-962371.52	294.44	8.2
JB_CZ_105	-700968.79	-962256.32	290.2	6
JB_CZ_106	-698392.05	-962504.99	313.25	25
JB_CZ_107	-698200.73	-962144.06	319.74	20
JB_CZ_108	-697454.25	-961896.5	296.3	5
JB_CZ_109	-698229.72	-963015.53	305.16	10
JB_CZ_110	-698331.06	-962558.93	319.2	6.5
JB_CZ_111	-698363	-962632.5	319	17.6
JB_CZ_112	-698291.5	-962748	317	11
JB_CZ_113	-697407	-961919	322.1	26.1
JB_CZ_114	-698948.17	-962766.2	323.17	10
JB_CZ_115	-697700.79	-961801.08	342	5
JB_CZ_116	-698324	-961033.5	285	15
JB_CZ_117	-699572	-960200.5	292	14
JB_CZ_118	-700929.47	-961347.1	279.08	18
JB_CZ_119	-701322.84	-961983.89	273.58	14.5
JB_CZ_120	-700483.72	-961418.23	282.23	11
JB_CZ_121	-700127.88	-961771.77	295.58	11
JB_CZ_122	-699586.07	-962568.59	322.6	11
JB_CZ_123	-700831.85	-962085.18	295	15
JB_CZ_124	-700843.87	-961568.55	289.87	12
JB_CZ_125	-700828.8	-961757.52	292.56	13.6
JB_CZ_126	-700521.1	-961754.43	296.42	10
JB_CZ_127	-700450.15	-962000.8	304.9	14
JB_CZ_128	-700206.6	-962430.45	327.98	15
JB_CZ_129	-701187.52	-961602.13	280.17	13
JB_CZ_130	-701625.66	-960927.97	252.8	9
JB_CZ_131	-702204.58	-960887.8	252.3	11
JB_CZ_132	-702060	-961103	254	11
JB_CZ_133	-701251.79	-960917.76	258.24	11.5
JB_CZ_134	-702269.84	-961150.98	254.2	10
JB_CZ_135	-702098.42	-961592.59	256.2	11
JB_CZ_136	-701731.63	-961420.28	264.49	10
JB_CZ_137	-702569.25	-960888.9	245.2	7
JB_CZ_138	-702572.12	-961307.93	251.4	11
JB_CZ_139	-701758.54	-961907.46	259.72	13
JB_CZ_140	-703187.78	-962553.3	256.32	10
JB_CZ_141	-703367.26	-962298.84	251.41	6
JB_CZ_142	-703332.38	-963771.01	304.83	3
JB_CZ_143	-703226.82	-963859.22	311.72	6
JB_CZ_144	-702801.81	-963447.61	262.3	9
JB_CZ_145	-700261.21	-961160.5	267.59	8
JB_CZ_146	-700014.51	-961396.23	281.5	12.7
JB_CZ_147	-699664.65	-961799.06	285.34	10
JB_CZ_148	-701187.52	-961602.19	290.27	8
JB_CZ_149	-702204.58	-960887.8	252.3	8
JB_CZ_150	-700396.36	-962443.48	324.67	4.3
JB_CZ_151	-700807.06	-961860.06	292.99	4
JB_CZ_152	-700545.18	-962753.67	312.73	7
JB_CZ_153	-693671	-967963.25	293.22	26
JB_CZ_154	-693703.25	-967969.75	292.85	26
JB_CZ_155	-698413	-961105	285.42	15.5
JB_CZ_156	-698408	-961148	286.18	16
JB_CZ_157	-698373	-961126	284.36	15
JB_CZ_158	-698339	-961215	286.28	19
JB_CZ_159	-698219	-961325	289.47	20.5
JB_CZ_160	-698096	-961461	296.45	16
JB_CZ_161	-697972	-961625	306.57	40
JB_CZ_162	-697972	-961683	313.16	50.2
JB_CZ_163	-697525	-961487	317.68	25
JB_CZ_164	-697909	-961972	321.66	54
JB_CZ_165	-697905.30638	-963217.285882	295.42	4.5
JB_CZ_166	-697885.22572	-962767.636593	305.16	5
JB_CZ_167	-697644.2578	-962853.86531	320.21	4
JB_CZ_168	-697636.825987	-962949.469922	324.08	4.1
JB_CZ_169	-697635.595554	-963106.350079	328.87	14
JB_CZ_170	-697770.254098	-963096.014445	316.48	25.5
JB_CZ_171	-697893.494227	-962863.456778	309.94	15
JB_CZ_172	-699015.562061	-962331.389689	316.75	15
JB_CZ_173	-698875.444883	-962638.525823	320.75	20
JB_CZ_174	-695793	-966978	292.6	4
JB_CZ_175	-695624	-966423	299.5	8
JB_CZ_176	-695329	-965957	333.02	3
JB_CZ_177	-695484	-965248	369.45	5
JB_CZ_178	-695850	-965069	363.2	5
JB_CZ_179	-696409	-964804	348.71	3
JB_CZ_180	-696918	-964533	336.1	4
JB_CZ_181	-697510	-964132	298.94	6
JB_CZ_182	-697814	-963794	311.23	5
JB_CZ_183	-698210	-963352	296.97	8
JB_CZ_184	-698333	-963216	295.07	6
JB_CZ_185	-698706	-962928	320.55	5
JB_CZ_186	-698951	-962853	320.43	6
JB_CZ_187	-699413	-962839	324.84	7
JB_CZ_188	-699601	-962828	318.25	6
JB_CZ_189	-697554.214221	-964214.725977	318	18
JB_CZ_190	-697777.73	-963800.44	311.28	13
JB_CZ_191	-697369.82133	-964359.585493	308.34	11
JB_CZ_192	-697348	-960737	303	34
JB_CZ_193	-696734	-961043	316.5	50
JB_CZ_194	-697177	-961124	314	39
JB_CZ_195	-697249	-961529	324.5	51
JB_CZ_196	-697038	-961889	331	50
69359	-699650.1	-961548.8	278.8	311.3
69360	-702160.2	-961410.6	256.1	31.5
69361	-701168.7	-961419.2	278.5	30.8
69362	-697105.6	-961291.2	318.3	64.3
69363	-700080.2	-962350.8	323.5	29.7
69364	-698139.5	-962302.3	319.2	180.1
69365	-700083.3	-962840.5	324.4	162.8
69366	-700562.5	-962372	316.5	30.2
69367	-700573.4	-961898.4	300.1	31
69368	-700204.5	-961321	273.8	30.6
69369	-699586.1	-960364.3	292.2	30.2
69370	-699155.5	-960821	293.3	30.3
69371	-699092.7	-961879.5	310.3	30.8
69204	-703733	-963780	323.5	98.5
69372	-702589	-963273.8	248.9	152.7
69373	-700669.8	-964198	253.4	18.7
69374	-698783.2	-964770.7	316	54.2
69375	-701227.5	-963639.4	253.4	23
69376	-700077.5	-963292.8	308.9	149.2
69377	-699101.3	-963337.3	313.3	138.6
69378	-697782.9	-962639	300.7	24.7
69379	-697555.3	-962209.9	331.2	39.9
69380	-698345.6	-963011.8	300.2	14.7
69381	-698388.3	-962907.9	302.9	68.3
69382	-698459.9	-962808.2	304.9	165.5
69383	-699732.4	-963492.9	287.6	118.8
69384	-699790.6	-963263	293.1	101.35
69385	-700396.6	-963380.3	312.1	102.4
69386	-699177.9	-963101.6	324.2	225
69387	-698151.7	-961848	308	304
69388	-701146.4	-961312.8	276	396.6
69390	-699577.3	-964739.3	281.5	31.9
69391	-698931.1	-965263.3	301.4	53.1
69392	-698852.2	-965876.9	284.4	25.2
JB_CZ_197	-698971.80591	-966503.574876	269	8.6
69393	-698241.5	-964405.9	347.9	68.9
69394	-697071.5	-964914.5	342.7	62.2
JB_CZ_200	-699623.68	-960244.97	292.86	241.9
JB_CZ_201	-698771.49	-960533.83	287.63	159.7
JB_CZ_202	-697954.73	-961407.75	316.08	51
JB_CZ_204	-697302.03	-960656.72	307.29	87
JB_CZ_203	-697960.07	-961396.13	315.4	155
JB_CZ_205	-697332.66	-960638.27	307.04	45
JB_CZ_206	-695767.43	-961354.35	302.45	21
JB_CZ_207	-699901.798	-960971.5	276.995	43
750377	-696648.9	-961188	318.28	75.5
JB_CZ_208	-698402.685	-961133.025	285.24	43
JB_CZ_209	-698957.08	-961032.75	295.39	72
JB_CZ_210	-697057.51	-961519.7	327.51	137.2
69942	-697946.84	-961993.74	321.05	80
69941	-698174.14	-961973.79	306.97	68
626291	-698627.77	-961976.81	306.26	80.6
69777	-699429.3	-960673.81	289.83	315
69778	-699394.24	-960682.75	289.54	201
69779	-699890.87	-962688.39	319.6	195
69780	-700072.06	-963261.48	316.03	91
HP-0/45	-696417.047484	-958349.093788	223.78	140
HP-1/52	-696544.676742	-959070.742893	294.55	205
HP-10w/66	-695654.823403	-960702.98349	266.12	40
HP-11/64	-697697.416261	-960181.723669	316.82	108
HP-11w/45	-695287.888978	-958445.30156	223.7	70
HP-11w/49	-695290.200672	-958976.356975	250.12	103
HP-11w/58	-695419.45829	-959790.734662	258.8	57
HP-12w/52	-695300.985223	-959301.665325	254.6	88
HP-12w/52bis	-695227.041277	-959366.240431	251.71	83
HP-13w/45	-695060.762821	-958498.161563	239.09	91
HP-13w/47	-695258.639703	-958684.555021	244.41	86
HP-13w/49/1	-695070.117454	-958930.743882	244.6	126
HP-13w/49/2	-695072.332314	-958932.760951	244.65	42
HP-13w/51	-695160.86246	-959168.221358	249.79	76.5
HP-13w/55	-695321.490192	-959535.570208	253.77	83
HP-13w/61	-695397.406397	-960109.864445	256.64	50
HP-14/63	-698014.320567	-960049.940747	295.51	85
HP-15/65	-698100.065116	-960235.833383	288.9	81
HP-15w/47	-694936.11041	-958859.265525	240.4	96
HP-15w/51	-694971.210807	-959184.357753	246	58
HP-15w/55	-694992.126416	-959560.700137	247.26	99
HP-17/49	-698084.434407	-958533.318747	191.42	197
HP-17w/49	-694590.833141	-959125.620805	246.14	37
HP-17w/53	-694779.574217	-959477.469114	245.8	43
HP-19w/43	-694571.26833	-958555.74912	238.37	45
HP-1w/51	-696251.815381	-958953.049827	249.43	151
HP-23/47	-698588.737908	-958276.812721	162.85	103
HP-25w/48	-694029.313686	-959055.889264	259.55	42
HP-2w/45	-696088.48441	-958443.605846	258.36	167
HP-2w/45bis	-696047.001299	-958283.19233	187.48	170
HP-3/53	-696738.882621	-959220.044059	284.71	194
HP-3w/54	-696279.980151	-959238.808734	273.6	168
HP-3w/57	-696143.152315	-959586.673281	268.18	140
HP-3w/59	-696241.561509	-959832.57948	272.55	132
HP-42	-699062.512007	-958398.544669	253.94	65
HP-4w/50	-696033.980534	-959004.012473	266.38	163
HP-4w/61	-696198.480747	-960163.721522	273.47	103.5
HP-50	-699198.632344	-958682.532749	263.47	80
HP-51	-698560.588981	-959492.724731	263.15	70
HP-51bis	-698434.657238	-959534.469213	265.52	75
HP-52	-698755.781393	-958638.87913	250.84	62
HP-53	-697847.003925	-959680.098977	306.1	90
HP-54	-698181.235132	-959619.181513	293.6	90
HP-55	-698399.292856	-959135.820303	272.9	111
HP-56	-697890.899584	-959912.155624	309.4	100
HP-57	-698169.225721	-958848.278801	267.86	102
HP-58	-697940.923874	-958864.98213	265.6	146
HP-59	-698449.159225	-958100.550675	246.28	121
HP-5w/49	-695900.476109	-958833.130932	253.56	142
HP-61	-697809.916649	-958186.112962	250.26	174
HP-62	-698230.999991	-958518.762785	257	147
HP-63	-697793.046598	-958485.983147	257.2	168
HP-64	-697359.953489	-958455.585509	261.85	210
HP-65	-697481.313102	-959940.29025	295.65	101
HP-66	-696456.725268	-958569.115888	274.21	183
HP-67	-696094.550175	-958839.101766	266.83	170
HP-67bis	-695461.503892	-958614.599901	248.32	120
HP-68	-695727.313768	-959105.761417	262.08	134
HP-68bis	-695834.14727	-959164.1941	261.76	136
HP-69	-695069.752004	-959813.355835	250.07	67
HP-6w/48	-695816.593253	-958779.085856	258.13	146
HP-7/55	-697165.774269	-959288.245727	292.27	194
HP-7/57	-696999.885848	-959414.448843	283.26	171
HP-72	-696968.464443	-958631.051928	275.86	214
HP-73	-696207.192948	-959054.784044	272.13	186
HP-74	-695231.3795	-958579.096245	245.46	94
HP-76	-696164.637173	-958235.94968	259.24	186
HP-7w/51bis	-695728.714713	-959352.917067	263.45	116
HP-7w/55	-695791.017183	-959489.292048	263.27	118
HP-7w/55bis	-695995.583654	-959468.745943	265.21	100
HP-7w/60	-695908.009377	-960044.84494	266.7	98
HP-80	-698052.210451	-958246.08955	252.08	151
HP-81	-697567.313977	-958363.667977	256.1	192
HP-82	-697579.847182	-958647.213517	260.41	185
HP-83	-697090.043156	-958618.678882	272.11	220
HP-84	-696709.861462	-958372.690918	268.6	179
HP-85	-696710.215537	-958841.185849	291.67	210
HP-86	-697425.528682	-959536.27916	278.9	140
HP-89	-696430.113595	-958765.649148	280	191
HP-89bis	-696543.615235	-958757.36968	257.83	276
HP-8w/48	-695513.163426	-958824.36274	253.46	126
HP-8w/58	-695773.900303	-959822.831112	261.96	95
HP-90	-697269.110313	-959086.422505	281.7	204
HP-91	-697051.095515	-960106.548439	311.1	140
HP-92	-696460.279996	-960160.545497	292.6	94
HP-93	-697926.059124	-959499.024089	296.6	94
HP-94	-698157.880855	-959403.443496	291.6	73
HP-9w/50	-695500.665299	-959046.063529	256.87	122
HP-9w/52	-695480.883753	-959230.006834	257.53	124
HP-9w/55	-695629.837494	-959422.783439	260.81	112
HP-9w/60	-695620.008793	-959928.155368	261.94	98
HP-9w/63	-695625.612885	-960183.143614	262.4	70
HP-XIX	-699327.89301	-958047.48644	250.46	138
HP-XVIII	-698813.480944	-958066.736124	241.4	180
HP-XXI	-699034.744852	-958183.75882	249.02	153.5
HP-XXIbis	-699109.264099	-958138.808298	169.74	55
HP-XXIX	-697118.481574	-958130.885234	256.96	207.3
HP-XXIXbis	-697105.818881	-958126.154838	190.13	143
HP-XXV	-697593.024159	-958034.932031	251.38	275.5
HP-XXVII	-697560.6259	-959058.939039	268.14	235
HP-XXVIII	-697199.092309	-958291.65294	261.04	216.5
HP-XXXI	-696914.609325	-958914.749522	294.18	317
HP-XXXIX	-698884.00357	-957974.56246	238.09	100
HP-XXXV	-699551.217572	-957989.667976	246.26	63
HP-XXXVII	-699354.013131	-958298.084321	255.1	62
HPIG-1	-698057.007499	-959629.150435	299.18	237
HPp-25/49	-698894.483204	-958391.974672	169.8	98
HPp-25/51	-698940.253488	-958632.509981	190.2	102
HPp-27/50	-699084.594189	-958496.693884	211.6	128
HPp-28/45	-699047.005783	-958046.187376	149.6	62
HPp-30.5/43.5	-699277.54438	-957792.96645	189.5	128
HPp-33/43	-699598.380053	-957748.726888	209.72	156
HPp-35/50	-699852.809125	-958268.963214	180.55	98
HPp-37/46	-700015.467196	-957947.926861	208.2	87
HPp-38/46	-700088.536068	-957891.120186	182.5	42
HPp-38/46bis	-700050.827725	-957854.127601	236.48	90
HPp-39/47	-700351.763974	-957931.624708	208.6	71
HPp-41/48	-700420.075905	-958107.315076	210	124
HPp-42/44	-700403.416561	-957626.243831	187.9	94
HPSw-1	-693885.44465	-958763.368537	260.34	87
HPSw-2	-693942.159596	-959219.653282	261.6	52
HPz-01	-700789.937509	-958104.458848	232.2	110
HPz-01bis	-700788.979311	-958097.634089	232.05	52
HPz-01bis/I	-700780.82369	-958105.908721	231.94	108
HPz-02	-700878.159435	-957891.412253	227.86	103
HPz-03	-700922.34187	-957694.42116	228.2	118
HPz-15/70	-698178.611241	-960747.628462	279	67
HPz-15w/61.5	-694988.615484	-960082.628769	252.9	96
HPz-17/69	-698345.72581	-960570.862481	281.4	95
HPz-19/61	-698416.58052	-959697.203543	264.8	88
HPz-19/65	-698552.944374	-960196.859736	277.9	66
HPz-1w/67	-696508.071959	-960610.483012	312.2	116
HPz-20/62E	-698674.757629	-959865.413011	275.52	103
HPz-20w/58	-694559.572882	-960008.731688	252.93	87.5
HPz-23/59	-698815.774967	-959395.979183	269.5	80
HPz-23/61	-698805.054028	-959626.197336	273.4	81
HPz-25/58	-699009.899428	-959248.550339	270.1	230
HPz-25/60	-699026.894236	-959513.467364	276.59	106
HPz-25/65	-699114.945308	-959997.643322	284	81
HPz-26/62	-699186.963767	-959634.320469	282.19	250
HPz-27/68	-699366.025573	-960203.815385	289.5	276
HPz-29/64	-699582.747178	-959892.222177	289.78	241
HPz-29/65	-699533.755809	-959998.964663	290.6	93
HPz-3/67	-696971.050926	-960541.498681	311.5	113
HPz-31/53	-699469.698867	-958694.189184	267.62	97
HPz-31/53bis	-699478.442252	-958684.966924	266.9	140
HPz-32/60	-699680.754895	-959430.934674	286.67	191
HPz-32/66	-699965.507209	-960197.724116	283.4	232
HPz-33/55	-699767.772002	-958918.659931	275.9	88
HPz-35/53	-699919.460906	-958674.036979	265.68	82
HPz-36/74	-700165.41076	-960606.805908	280.24	90
HPz-37/55	-700129.375731	-958809.406547	269.35	92
HPz-37/55bis	-700079.063727	-958803.278097	266.77	81
HPz-37/59	-700206.420347	-959208.965591	286.72	110
HPz-37/63	-700272.159682	-959721.880105	295.97	235
HPz-37/63bis	-700260.611196	-959723.43095	295.9	130
HPz-38/73	-700438.831756	-960649.752331	283	191
HPz-39/53	-700312.587688	-958618.535642	256.3	80
HPz-39/61.5	-700421.473836	-959492.674135	294.9	95
HPz-40/68	-700603.482279	-960093.673522	285.05	83
HPz-40/71	-700746.395583	-960184.264728	281.29	233
HPz-40/75	-700752.010025	-960770.955253	276.64	80
HPz-41/55	-700546.981755	-958773.671243	264.15	109
HPz-41/59	-700619.621633	-959179.512268	287.43	210
HPz-43/50.5	-700653.322874	-958307.137624	239	62
HPz-43/53	-700656.085129	-958543.980378	251	84
HPz-44/62	-700944.374333	-959395.549818	278.77	80
HPz-45/53	-700893.626144	-958493.491711	248.24	87
HPz-46/65	-701188.233541	-959781.199518	273.1	87
HPz-47/52	-701079.983958	-958341.262744	246.7	115
HPz-47/55	-701107.28668	-958642.108862	264.3	126
HPz-49.5/49	-701278.196316	-958020.761281	229.1	80
HPz-49/46	-701171.150837	-957688.438331	228.7	86
HPz-49/73B	-701427.69653	-960350.235906	262.83	100
HPz-51/61A	-701518.727332	-959234.358591	262.61	104
HPz-52/56	-701605.72108	-958638.308765	256	136
HPz-52/73	-701721.035277	-960243.178004	258	155
HPz-53/51	-701637.027258	-958216.113798	242.7	105
HPz-53/51bis	-701663.695082	-958075.412332	234.75	104
HPz-53/51bis1	-701660.49059	-958075.928467	234.82	99
HPz-53/62	-701868.258319	-959242.127962	250.53	204
HPz-56/54	-702000.823357	-958445.577011	239.2	173
HPz-58/72A	-702386.479899	-960070.762583	237.47	106
HPz-67	-700680.48126	-957736.227092	226.9	30
HPz-68	-700585.613021	-957749.594627	226.94	12
HPz-69	-700657.091588	-957956.005098	229.19	35
HPz-7/65	-697338.174971	-960306.659042	304.8	80
HPz-70	-700580.005921	-958000.849849	230.14	15
HPz-I	-701035.925772	-958076.787411	233.76	60
HPz-II	-700844.090023	-958774.784864	268.02	62
HPz-IV	-699976.433848	-959060.372425	280.15	80
HPz-IX	-699379.018084	-959164.17415	279.04	100
HPz-V	-700054.61239	-959815.054867	295.59	70
HPz-VII	-699467.38688	-959642.696284	287.38	78
HPzF-11	-700490.972695	-957857.65712	207.2	95
HPzF-11bis	-700517.003953	-957946.961263	234.09	90
HPzM-12	-694524.203711	-958813.245436	246.56	80
HPzM-12bis	-694775.300697	-958830.054124	240.61	90
HS-254	-697098.229581	-958146.005815	257.29	205
HS-255	-697194.527009	-958110.604315	256.78	163
HS-257	-696878.967412	-958155.435679	259	188
HS-257bis	-696877.716751	-958167.256231	259.22	192
HS-258	-697187.302078	-958245.448533	260.2	209
HS-259	-697052.452282	-958323.613385	262	209
HS-260	-697419.44621	-958135.452519	254.53	197
HS-271	-699939.654026	-957898.336247	233.5	68
HS-271bis	-699933.932268	-957912.679146	233.66	68
HS-272	-700390.151767	-958101.778995	235.32	42
HS-273	-699786.125388	-957915.478903	236.55	57
HS-274	-699628.780211	-957949.015614	242.8	80
HS-275	-699824.069554	-958026.657749	240.13	55
HS-276	-700207.852755	-958141.08004	240.89	48
HS-277	-700035.768425	-958193.898614	243.44	34
HS-278	-699817.486036	-958162.582685	245.75	51
HS-279	-699650.355355	-958125.965264	248.2	66
HS-280	-699439.652677	-957943.524795	245	103
HS-281	-699486.678054	-958083.652267	250.1	66
HS-282	-699741.10603	-958287.489675	251.32	65
HS-283	-699629.870084	-958324.560617	256.12	73
HS-284	-699541.992497	-958197.753929	252.11	61
HS-285	-699246.547485	-958068.526781	249.5	110
HS-286	-699268.778216	-958162.97827	252.55	64
HS-287	-699430.796831	-958286.401026	255.71	62
HS-288	-699527.732648	-958369.0668	258.2	72
HS-289	-699454.460377	-958434.462278	259.75	62.5
HS-290	-699256.227362	-958297.409532	255.34	61
HS-291	-699144.106042	-958178.490217	250.01	58
HS-292	-699300.193851	-958380.401375	257.15	67
HS-293	-699446.48851	-958557.071374	263.09	75
HS-294	-699296.609063	-958588.460659	261.75	76
HS-295	-699206.455289	-958471.735382	258.46	70
HS-296	-699169.767006	-958344.211798	253.87	62
HS-297	-699045.065585	-958248.356968	249.53	53
HS-298	-698991.621758	-958126.649746	245.05	62
HS-299	-699044.293456	-958408.418899	253.48	63
HS-306	-698868.557348	-958209.612145	244.63	56
HS-307	-698902.085051	-958352.451101	248.64	62
HS-308	-699076.557624	-958517.448812	256.97	68
HS-309	-699156.4995	-958609.740932	261.2	70
HS-310	-699259.2713	-958720.320481	264.46	71
HS-311	-698777.543983	-958289.889156	245.16	62
HS-312	-698651.470691	-958286.185966	244.71	94
HS-313	-698831.379316	-958462.040468	249.02	72
HS-314	-698920.37197	-958562.497621	253.09	68
HS-315	-699004.890714	-958732.269193	260.02	76
HS-316	-699115.475739	-958777.491763	262.83	74
HS-317	-699060.518682	-958917.399331	266.22	73
HS-318	-698954.151885	-958805.698692	261.27	73
HS-319	-698824.949324	-958689.85791	254.04	65
HS-320	-698786.583075	-958578.605154	249.16	65
HS-322	-698616.654097	-958339.443622	246.34	86
HS-323	-698488.383064	-958483.422255	252.53	92
HS-324	-698584.766228	-958612.150415	256.09	93
HS-325	-698706.620704	-958721.636438	249.91	54
HS-326	-698802.280346	-958866.103479	259.24	64
HS-327	-698895.426645	-958987.647236	264.33	66
HS-328	-698804.153701	-959113.058151	263.12	54
HS-329	-698692.657428	-958987.937963	257.85	51
HS-330	-698597.064003	-958866.182528	252.27	112.5
HS-330bis	-698543.145007	-959108.865813	257.8	108
HS-331	-698474.655332	-958722.886337	264.82	80
HS-333	-697200.955581	-958504.441465	265.15	147
HS-333bis	-697197.956033	-958505.769494	265.4	223
HS-334	-697081.541239	-958739.009389	277.54	224
HS-335	-697057.64262	-958478.336127	267.2	220
HS-336	-696933.956261	-958695.070761	279.63	215
HS-337	-696644.625545	-958592.548027	278.26	203
HS-339	-697305.136239	-958859.475011	271.8	214
HS-342	-698384.811764	-959157.824629	274	79
HS-344	-700339.192107	-958447.712598	248	162
HS-346	-698518.187134	-959300.525536	258.3	70
HS-347	-698078.201158	-959555.337916	297.9	90
HS-349	-699131.23801	-958612.530437	210.8	27
HS-350	-698935.466624	-958872.517215	226.8	75
HS-362	-696287.830431	-958206.334432	222.06	132
HS-363	-698768.805307	-958306.652594	170.1	92
HS-367	-698841.053304	-958257.142208	165.13	93
HS-9w/45	-695478.051669	-958577.281128	242.63	116
HSp-41	-699891.887064	-957837.168953	188.2	77
HSp-42	-700099.387281	-957815.850278	185.3	50
HSp-42bis	-700030.558042	-957823.224706	165.6	51.5
HSp-42bis1	-700041.020141	-957818.543912	164.4	24
HSp-42bis2	-700081.509633	-957811.065044	165.7	34
HSp-43	-700009.813445	-958042.336625	209.7	95
HSp-49	-700461.448191	-957640.172778	188	92
HSp-50	-700315.897113	-957859.075358	187.1	50
HSp-52	-699850.316186	-958132.673721	191.11	111
HSp-53	-699720.351427	-958166.257274	191.6	111
HSp-54	-698965.933301	-958258.659934	190.5	110
HSp-55	-699436.514634	-958222.531033	190.4	107
HSp-56	-699214.841948	-958249.798306	189.6	64
HSp-57	-699058.386	-958427.606553	186.9	103
HSp-60	-699250.672068	-958102.458051	169.24	41
HSp-63	-699031.261404	-957966.717265	148.5	95
HSp-66	-699054.830516	-958246.762231	191.14	87
HSp-66bis	-698965.692952	-958240.925103	169.22	65
HSp-67	-699222.837448	-958150.595112	169.28	40
HSp-68	-699149.750227	-958154.839	169.36	40
HSp-69	-698916.14169	-958395.830965	169.43	98
HSp-70	-698842.567835	-958190.334878	169.13	81
HSp-71	-698862.690675	-958403.413129	170.48	96
HSp-73	-698891.954509	-958650.667425	191.33	119
HSp-76	-698652.15114	-958017.419777	100.31	78
HSp-77	-698860.542154	-958755.219972	192.18	110
HSw-11w/43	-695193.63671	-958372.126381	240.39	108
HSw-3w/45	-696109.934048	-958469.255377	248.5	149
HSw-7	-695859.059515	-958531.646554	246.66	138
HSw-7w/43	-695674.071	-958340.284701	240.29	120
HSz-01	-700697.864035	-957979.24949	229.22	124
HSz-02	-700741.224975	-957794.369868	228.11	120
HSz-03	-700754.848547	-957636.067631	227.5	130
HSz-1	-700585.008233	-958135.688809	234.56	68
HSz-10	-699775.770961	-958419.453928	258.16	70
HSz-11	-699671.754453	-958434.692209	259.6	77
HSz-11bis	-699690.872778	-958413.974942	259.27	92
HSz-12	-699600.373841	-958490.334317	261.19	76
HSz-14	-699515.457209	-958633.315228	265.65	81
HSz-15	-699454.472193	-958709.282074	267.95	78
HSz-16	-699352.156018	-958770.794377	267.74	86
HSz-17	-699274.499533	-958843.245831	267.77	72
HSz-18	-699208.668871	-958915.388538	269.21	59
HSz-18bis	-699206.675739	-958922.725798	268.98	81
HSz-19	-699133.915311	-958978.603744	269.35	81
HSz-2	-700530.96897	-958166.494272	235.26	48
HSz-20	-699059.57126	-959045.099033	269.26	78
HSz-21	-699008.889571	-959075.164959	268.26	76
HSz-22	-698872.6913	-959225.39783	266.76	80
HSz-23	-698730.64532	-959334.908399	265.4	76.5
HSz-24	-698632.934508	-959523.404018	266.1	75
HSz-3	-700444.410016	-958218.475051	237.92	73.5
HSz-4	-700360.909981	-958252.222035	242.69	68
HSz-5	-700258.668246	-958275.685955	243.59	60
HSz-6	-700187.83214	-958283.138793	244.52	54
HSz-7	-700098.035292	-958312.941098	248.49	78
HSz-7bis	-700115.09129	-958310.572004	246.64	68
HSz-8	-699954.736633	-958369.729568	252.3	63
HSz-9	-699867.779754	-958390.862805	256.06	86
HSzB-1	-700610.70958	-958151.068751	233.42	68
HSzB-10	-699905.524521	-958569.893009	261.56	75
HSzB-11	-699805.893768	-958584.026803	264	71
HSzB-12	-699715.998694	-958598.436711	264.47	80
HSzB-13	-699610.32155	-958617.413883	266.03	82
HSzB-2	-700578.381606	-958239.859981	236.81	55
HSzB-3	-700558.249224	-958334.744122	240.13	61
HSzB-4	-700494.687115	-958367.208037	242.37	60
HSzB-5	-700393.074672	-958438.001332	247.15	65
HSzB-6	-700294.380173	-958456.541111	250.12	64
HSzB-7	-700197.833574	-958486.609757	251.16	65
HSzB-8	-700086.24857	-958507.122531	254.53	66
HSzB-9	-699999.671239	-958545.694024	259.7	74
HU-10	-698238.537017	-960556.810813	277.4	70.4
HU-8	-698463.998208	-959901.212186	267.29	33.4
HU-9	-698551.50537	-959958.89	270.05	35.6
Hw10/51/1	-697399.454368	-958843.312171	268.92	206
Hw10/51/S	-697408.447451	-958842.28927	268.65	213
Hw15/56.5/1	-697990.855499	-959309.095552	281.85	150
Hw15/56.5/S	-697987.276718	-959300.900196	281.35	186
Hw19/46/2	-698247.795115	-958208.737076	249.32	116
Hw3/60	-696853.286678	-959829.722134	310	248
Hw35/46/2	-699821.111005	-957969.850248	238.9	81
Hw35/47/1	-699824.379294	-958078.76415	242.1	167
Hw35/47/2	-699819.474558	-958078.941859	241.65	31.5
Hw35/47/S	-699799.561969	-958081.467581	242.6	209
Hw5w/45/1	-695855.371839	-958480.235849	254.74	146
Hw5w/45/S	-695851.079778	-958489.617361	254.94	263
Hw6w/66.5	-696053.579171	-960606.850784	283.13	113
HP-7/65/I	-697303.115467	-960284.455693	305.33	104
HP-7/65/II	-697305.253627	-960285.156729	305.31	80
HPz-4w/70	-696421.902857	-961016.731408	313.47	20
HPz-10/72	-697594.517101	-960985.567148	318.34	16
HPz-13/69	-697982.468395	-960638.949658	295.34	15
